PADDLE 290 450
BALL 68 230 -3 -3
BLOCKS_COUNT 48
0 30 3
53.5 30 3
107 30 3
160.5 30 3
214 30 3
267.5 30 3
321 30 3
374.5 30 3
428 30 3
481.5 30 3
535 30 3
588.5 30 3
0 52 3
53.5 52 3
107 52 3
160.5 52 3
214 52 3
267.5 52 3
321 52 3
374.5 52 3
428 52 3
481.5 52 3
535 52 3
588.5 52 3
0 74 3
53.5 74 3
107 74 3
160.5 74 3
214 74 3
267.5 74 3
321 74 3
374.5 74 3
428 74 3
481.5 74 3
535 74 3
588.5 74 3
0 96 3
53.5 96 1
107 96 3
160.5 96 3
214 96 3
267.5 96 3
321 96 3
374.5 96 3
428 96 3
481.5 96 2
535 96 1
588.5 96 3
